(-34.0,-426.0,-455.0)
(-34.0,-426.0,-455.0)
(-34.0,-426.0,-455.0)
(-34.0,-426.0,-455.0)
(-34.0,-426.0,-455.0)
(-34.0,-426.0,-455.0)
(-34.0,-426.0,-455.0)
(-38.0,-426.0,-457.0)
(-38.0,-426.0,-457.0)
(-38.0,-426.0,-457.0)
(-34.0,-426.0,-455.0)
(-33.0,-428.0,-457.0)
(-38.0,-426.0,-453.0)
(-35.0,-427.0,-455.0)
(-36.0,-427.0,-453.0)
(-36.0,-428.0,-455.0)
(-32.0,-428.0,-457.0)
(-36.0,-425.0,-457.0)
(-32.0,-425.0,-456.0)
(-34.0,-426.0,-457.0)
(-31.0,-428.0,-459.0)
(-35.0,-428.0,-458.0)
(-36.0,-426.0,-456.0)
(-34.0,-427.0,-459.0)
(-33.0,-427.0,-460.0)
(-36.0,-428.0,-457.0)
(-32.0,-429.0,-455.0)
(-35.0,-426.0,-454.0)
(-34.0,-429.0,-455.0)
(-36.0,-427.0,-454.0)
(-35.0,-424.0,-456.0)
(-35.0,-428.0,-456.0)
(-37.0,-430.0,-457.0)
(-33.0,-431.0,-456.0)
(-34.0,-427.0,-457.0)
(-35.0,-424.0,-455.0)
(-37.0,-425.0,-457.0)
(-34.0,-430.0,-457.0)
(-34.0,-429.0,-456.0)
(-33.0,-427.0,-457.0)
(-36.0,-428.0,-455.0)
(-33.0,-428.0,-457.0)
(-36.0,-425.0,-458.0)
(-35.0,-430.0,-459.0)
(-35.0,-427.0,-456.0)
(-33.0,-426.0,-456.0)
(-37.0,-428.0,-455.0)
(-39.0,-426.0,-455.0)
(-36.0,-425.0,-455.0)
(-35.0,-427.0,-457.0)
(-34.0,-426.0,-457.0)
(-34.0,-428.0,-456.0)
(-35.0,-428.0,-458.0)
(-35.0,-427.0,-454.0)
(-33.0,-428.0,-456.0)
(-37.0,-427.0,-456.0)
(-37.0,-429.0,-454.0)
(-39.0,-427.0,-458.0)
(-34.0,-428.0,-456.0)
(-35.0,-427.0,-455.0)
(-33.0,-428.0,-456.0)
(-32.0,-426.0,-456.0)
(-35.0,-428.0,-456.0)
(-35.0,-427.0,-456.0)
(-35.0,-427.0,-457.0)
(-33.0,-426.0,-456.0)
(-38.0,-428.0,-455.0)
(-34.0,-427.0,-456.0)
(-35.0,-427.0,-456.0)
(-33.0,-427.0,-457.0)
(-33.0,-428.0,-458.0)
(-33.0,-425.0,-457.0)
(-34.0,-426.0,-457.0)
(-35.0,-429.0,-456.0)
(-37.0,-426.0,-455.0)
(-34.0,-427.0,-455.0)
(-31.0,-428.0,-454.0)
(-35.0,-427.0,-456.0)
(-35.0,-426.0,-456.0)
(-36.0,-428.0,-456.0)
(-38.0,-430.0,-454.0)
(-34.0,-430.0,-454.0)
(-34.0,-433.0,-456.0)
(-37.0,-428.0,-454.0)
(-35.0,-429.0,-454.0)
(-33.0,-429.0,-455.0)
(-34.0,-431.0,-456.0)
(-37.0,-428.0,-454.0)
(-37.0,-428.0,-453.0)
(-35.0,-430.0,-453.0)
(-34.0,-430.0,-453.0)
(-33.0,-429.0,-453.0)
(-37.0,-430.0,-451.0)
(-33.0,-427.0,-451.0)
(-33.0,-427.0,-450.0)
(-36.0,-427.0,-455.0)
(-37.0,-429.0,-456.0)
(-36.0,-431.0,-456.0)
(-34.0,-429.0,-452.0)
(-35.0,-428.0,-454.0)
(-33.0,-428.0,-454.0)
(-33.0,-430.0,-452.0)
(-36.0,-427.0,-455.0)
(-34.0,-429.0,-452.0)
(-34.0,-430.0,-455.0)
(-35.0,-425.0,-458.0)
(-33.0,-429.0,-456.0)
(-35.0,-428.0,-457.0)
(-35.0,-426.0,-455.0)
(-35.0,-424.0,-454.0)
(-36.0,-426.0,-452.0)
(-35.0,-428.0,-452.0)
(-35.0,-428.0,-452.0)
(-34.0,-428.0,-454.0)
(-35.0,-427.0,-456.0)
(-34.0,-425.0,-456.0)
(-35.0,-426.0,-453.0)
(-35.0,-426.0,-455.0)
(-36.0,-428.0,-456.0)
(-37.0,-427.0,-455.0)
(-35.0,-428.0,-456.0)
(-36.0,-428.0,-458.0)
(-36.0,-428.0,-454.0)
(-35.0,-430.0,-454.0)
(-35.0,-428.0,-454.0)
(-34.0,-429.0,-456.0)
(-36.0,-428.0,-455.0)
(-36.0,-430.0,-451.0)
(-36.0,-429.0,-453.0)
(-36.0,-430.0,-452.0)
(-35.0,-430.0,-453.0)
(-33.0,-429.0,-456.0)
(-33.0,-429.0,-455.0)
(-35.0,-428.0,-453.0)
(-36.0,-429.0,-453.0)
(-36.0,-428.0,-453.0)
(-35.0,-431.0,-454.0)
(-37.0,-430.0,-451.0)
(-36.0,-428.0,-452.0)
(-38.0,-429.0,-453.0)
(-35.0,-428.0,-454.0)
(-38.0,-430.0,-451.0)
(-34.0,-430.0,-452.0)
(-35.0,-428.0,-454.0)
(-35.0,-428.0,-451.0)
(-37.0,-427.0,-452.0)
(-35.0,-429.0,-455.0)
(-33.0,-428.0,-454.0)
(-37.0,-429.0,-454.0)
(-34.0,-426.0,-453.0)
(-35.0,-427.0,-451.0)
(-37.0,-428.0,-456.0)
(-35.0,-430.0,-450.0)
(-36.0,-430.0,-452.0)
(-36.0,-428.0,-451.0)
(-34.0,-429.0,-451.0)
(-37.0,-429.0,-453.0)
(-36.0,-429.0,-455.0)
(-36.0,-428.0,-452.0)
(-34.0,-429.0,-455.0)
(-34.0,-426.0,-454.0)
(-36.0,-428.0,-452.0)
(-36.0,-432.0,-453.0)
(-37.0,-427.0,-452.0)
(-36.0,-427.0,-456.0)
(-34.0,-426.0,-455.0)
(-34.0,-426.0,-455.0)
(-37.0,-427.0,-453.0)
(-35.0,-426.0,-457.0)
(-36.0,-428.0,-457.0)
(-35.0,-426.0,-455.0)
(-36.0,-424.0,-457.0)
(-36.0,-428.0,-453.0)
(-34.0,-426.0,-454.0)
(-34.0,-427.0,-456.0)
(-38.0,-427.0,-454.0)
(-35.0,-427.0,-455.0)
(-37.0,-427.0,-456.0)
(-33.0,-429.0,-454.0)
(-36.0,-427.0,-457.0)
(-35.0,-427.0,-454.0)
(-35.0,-429.0,-456.0)
(-38.0,-428.0,-458.0)
(-34.0,-429.0,-453.0)
(-36.0,-428.0,-455.0)
(-34.0,-428.0,-457.0)
(-32.0,-427.0,-453.0)
(-34.0,-428.0,-454.0)
(-37.0,-428.0,-453.0)
(-38.0,-424.0,-456.0)
(-34.0,-427.0,-454.0)
(-37.0,-427.0,-454.0)
(-35.0,-427.0,-457.0)
(-35.0,-426.0,-456.0)
(-35.0,-428.0,-454.0)
(-33.0,-429.0,-456.0)
(-35.0,-425.0,-457.0)
(-36.0,-426.0,-456.0)
(-35.0,-426.0,-457.0)
(-33.0,-427.0,-453.0)
(-35.0,-426.0,-457.0)
(-36.0,-428.0,-454.0)
(-35.0,-427.0,-455.0)
(-37.0,-426.0,-455.0)
(-37.0,-429.0,-454.0)
(-34.0,-426.0,-454.0)
(-34.0,-428.0,-454.0)
(-36.0,-427.0,-454.0)
(-34.0,-427.0,-456.0)
(-36.0,-427.0,-452.0)
(-33.0,-426.0,-452.0)
(-34.0,-425.0,-454.0)
(-33.0,-428.0,-454.0)
(-33.0,-426.0,-455.0)
(-33.0,-424.0,-457.0)
(-36.0,-427.0,-454.0)
(-37.0,-425.0,-455.0)
(-33.0,-426.0,-454.0)
(-36.0,-425.0,-454.0)
(-35.0,-424.0,-455.0)
(-39.0,-425.0,-454.0)
(-35.0,-427.0,-454.0)
(-33.0,-425.0,-454.0)
(-39.0,-428.0,-456.0)
(-37.0,-428.0,-454.0)
(-33.0,-428.0,-458.0)
(-35.0,-427.0,-459.0)
(-34.0,-428.0,-453.0)
(-35.0,-426.0,-454.0)
(-36.0,-424.0,-455.0)
(-36.0,-425.0,-455.0)
(-34.0,-427.0,-454.0)
(-34.0,-427.0,-454.0)
(-35.0,-427.0,-455.0)
(-36.0,-423.0,-453.0)
(-36.0,-425.0,-454.0)
(-38.0,-426.0,-454.0)
(-35.0,-425.0,-454.0)
(-36.0,-428.0,-455.0)
(-36.0,-425.0,-457.0)
(-38.0,-427.0,-456.0)
(-35.0,-426.0,-455.0)
(-34.0,-423.0,-455.0)
(-34.0,-425.0,-454.0)
(-33.0,-427.0,-455.0)
(-36.0,-426.0,-458.0)
(-38.0,-426.0,-454.0)
(-36.0,-426.0,-454.0)
(-35.0,-424.0,-454.0)
(-34.0,-427.0,-456.0)
(-34.0,-425.0,-456.0)
(-34.0,-426.0,-455.0)
(-33.0,-426.0,-454.0)
(-32.0,-426.0,-456.0)
(-35.0,-426.0,-455.0)
(2241.0,642.0,1.0)
(-34.0,-426.0,-455.0)
(-32.0,-425.0,-457.0)
(-36.0,-426.0,-455.0)
(-37.0,-426.0,-455.0)
(-35.0,-427.0,-457.0)
(-34.0,-425.0,-453.0)
(-35.0,-426.0,-456.0)
(-36.0,-425.0,-457.0)
(-37.0,-425.0,-457.0)
(-35.0,-425.0,-456.0)
(-35.0,-427.0,-453.0)
(-34.0,-425.0,-456.0)
(-37.0,-427.0,-454.0)
(-34.0,-427.0,-454.0)
(-34.0,-425.0,-453.0)
(-37.0,-427.0,-454.0)
(-37.0,-425.0,-457.0)
(-33.0,-423.0,-454.0)
(-35.0,-424.0,-455.0)
(-36.0,-425.0,-453.0)
(-34.0,-429.0,-455.0)
(-35.0,-425.0,-456.0)
(258.0,1539.0,-32256.0)
(-34.0,-426.0,-456.0)
(-37.0,-428.0,-455.0)
(-35.0,-427.0,-455.0)
(-35.0,-425.0,-454.0)
(-35.0,-427.0,-453.0)
(-36.0,-426.0,-454.0)
(-37.0,-425.0,-452.0)
(-36.0,-425.0,-453.0)
(-36.0,-426.0,-454.0)
(-38.0,-426.0,-454.0)
(-34.0,-426.0,-456.0)
(-35.0,-427.0,-453.0)
(-34.0,-427.0,-457.0)
(-35.0,-425.0,-454.0)
(-33.0,-422.0,-455.0)
(-36.0,-424.0,-458.0)
(-35.0,-424.0,-454.0)
(-36.0,-424.0,-455.0)
(-36.0,-424.0,-458.0)
(-35.0,-426.0,-454.0)
(-37.0,-423.0,-454.0)
(-35.0,-425.0,-453.0)
(-37.0,-427.0,-458.0)
(-38.0,-428.0,-456.0)
(-34.0,-423.0,-454.0)
(-37.0,-428.0,-456.0)
(-37.0,-426.0,-455.0)
(-38.0,-426.0,-456.0)
(-37.0,-424.0,-455.0)
(-34.0,-426.0,-453.0)
(-36.0,-423.0,-455.0)
(-37.0,-425.0,-457.0)
(-35.0,-425.0,-455.0)
(-37.0,-425.0,-456.0)
(-36.0,-427.0,-457.0)
(-37.0,-425.0,-457.0)
(-34.0,-426.0,-455.0)
(-34.0,-425.0,-455.0)
(-38.0,-426.0,-456.0)
(-38.0,-424.0,-454.0)
(-36.0,-425.0,-456.0)
(-36.0,-426.0,-451.0)
(-36.0,-429.0,-456.0)
(-34.0,-426.0,-455.0)
(-37.0,-426.0,-454.0)
(-35.0,-426.0,-455.0)
(-36.0,-426.0,-456.0)
(-32.0,-427.0,-456.0)
(-36.0,-428.0,-454.0)
Stopping  CStoppingC
(-36.0,-425.0,-453.0)
C stoppedCstopped
